    2.492e+09     1.017e+09    -4.989e-24    -8.148e-08     0.000e+00     0.000e+00     0.000e+00     0.000e+00     0.000e+00     0.000e+00    -1.694e+09     0.000e+00    -7.988e+08    -1.017e+09     0.000e+00     0.000e+00
    1.017e+09     2.625e+09    -8.148e-08    -1.331e+09     0.000e+00     0.000e+00     0.000e+00     0.000e+00     0.000e+00     0.000e+00     0.000e+00     0.000e+00    -1.017e+09    -1.294e+09     0.000e+00     0.000e+00
   -4.989e-24    -8.148e-08     3.291e+09     2.384e-07    -1.694e+09     0.000e+00    -7.988e+08     1.017e+09    -4.989e-24    -8.148e-08     0.000e+00     0.000e+00    -7.988e+08    -1.017e+09     0.000e+00     0.000e+00
   -8.148e-08    -1.331e+09     2.384e-07     5.249e+09     0.000e+00     0.000e+00     1.017e+09    -1.294e+09    -8.148e-08    -1.331e+09     0.000e+00     0.000e+00    -1.017e+09    -1.294e+09     0.000e+00     0.000e+00
    0.000e+00     0.000e+00    -1.694e+09     0.000e+00     3.291e+09     2.033e+09    -7.988e+08    -1.017e+09     0.000e+00     0.000e+00    -4.989e-24    -8.148e-08    -7.988e+08    -1.017e+09    -4.989e-24    -8.148e-08
    0.000e+00     0.000e+00     0.000e+00     0.000e+00     2.033e+09     5.249e+09    -1.017e+09    -1.294e+09     0.000e+00     0.000e+00    -8.148e-08    -1.331e+09    -1.017e+09    -1.294e+09    -8.148e-08    -1.331e+09
    0.000e+00     0.000e+00    -7.988e+08     1.017e+09    -7.988e+08    -1.017e+09     3.195e+09     2.384e-07    -7.988e+08    -1.017e+09     0.000e+00     0.000e+00     0.000e+00     0.000e+00    -7.988e+08     1.017e+09
    0.000e+00     0.000e+00     1.017e+09    -1.294e+09    -1.017e+09    -1.294e+09     2.384e-07     5.176e+09    -1.017e+09    -1.294e+09     0.000e+00     0.000e+00     0.000e+00     0.000e+00     1.017e+09    -1.294e+09
    0.000e+00     0.000e+00    -4.989e-24    -8.148e-08     0.000e+00     0.000e+00    -7.988e+08    -1.017e+09     7.988e+08     1.017e+09     0.000e+00     0.000e+00     0.000e+00     0.000e+00     0.000e+00     0.000e+00
    0.000e+00     0.000e+00    -8.148e-08    -1.331e+09     0.000e+00     0.000e+00    -1.017e+09    -1.294e+09     1.017e+09     2.625e+09     0.000e+00     0.000e+00     0.000e+00     0.000e+00     0.000e+00     0.000e+00
   -1.694e+09     0.000e+00     0.000e+00     0.000e+00    -4.989e-24    -8.148e-08     0.000e+00     0.000e+00     0.000e+00     0.000e+00     2.492e+09     1.017e+09    -7.988e+08    -1.017e+09     0.000e+00     0.000e+00
    0.000e+00     0.000e+00     0.000e+00     0.000e+00    -8.148e-08    -1.331e+09     0.000e+00     0.000e+00     0.000e+00     0.000e+00     1.017e+09     2.625e+09    -1.017e+09    -1.294e+09     0.000e+00     0.000e+00
   -7.988e+08    -1.017e+09    -7.988e+08    -1.017e+09    -7.988e+08    -1.017e+09     0.000e+00     0.000e+00     0.000e+00     0.000e+00    -7.988e+08    -1.017e+09     3.195e+09     4.067e+09     0.000e+00     0.000e+00
   -1.017e+09    -1.294e+09    -1.017e+09    -1.294e+09    -1.017e+09    -1.294e+09     0.000e+00     0.000e+00     0.000e+00     0.000e+00    -1.017e+09    -1.294e+09     4.067e+09     5.176e+09     0.000e+00     0.000e+00
    0.000e+00     0.000e+00     0.000e+00     0.000e+00    -4.989e-24    -8.148e-08    -7.988e+08     1.017e+09     0.000e+00     0.000e+00     0.000e+00     0.000e+00     0.000e+00     0.000e+00     7.988e+08    -1.017e+09
    0.000e+00     0.000e+00     0.000e+00     0.000e+00    -8.148e-08    -1.331e+09     1.017e+09    -1.294e+09     0.000e+00     0.000e+00     0.000e+00     0.000e+00     0.000e+00     0.000e+00    -1.017e+09     2.625e+09
